---- Generation 0 ----
[-0.5126131861008907, 1.0480512630741354, -0.008282692271179393, 0.22961158297094242, -0.02609960805601519, -0.5318474547306749, -1.7212917046351355, 0.48853852605918213, -1.349071851799831, 1.9276883744409061, -0.40246332902836235]
---- Generation 1 ----
[1.6819558809809512, 1.1927285369961433, 0.5310344187808527, 0.3769313858844261, -0.35000179260073594, -1.612714026156722, -1.2089802876746516, -0.42832572849565453, -0.9985684732909923, 0.7717135993885198, 0.01988976345284632]
---- Generation 2 ----
[1.402432838407611, 0.013281119017585663, -1.4380325748162974, -0.9039917358568812, 1.7747146943309877, 0.2512213536070518, 1.417956610856641, -0.6383671711669696, 1.7306452648441892, -1.8338152074020262, 1.0032410121891266]
---- Generation 3 ----
[1.402432838407611, 0.013281119017585663, -1.4380325748162974, -0.9039917358568812, 1.7747146943309877, 0.2512213536070518, 1.417956610856641, -0.6383671711669696, 1.7306452648441892, -1.8338152074020262, 1.0032410121891266]
---- Generation 4 ----
[1.402432838407611, 0.013281119017585663, -1.4380325748162974, -0.9039917358568812, 1.7747146943309877, 0.2512213536070518, 1.417956610856641, -0.6383671711669696, 1.7306452648441892, -1.8338152074020262, 1.0032410121891266]
---- Generation 5 ----
[1.402432838407611, 0.013281119017585663, -1.4380325748162974, -0.9039917358568812, 1.7747146943309877, 0.2512213536070518, 1.417956610856641, -0.6383671711669696, 1.7306452648441892, -1.8338152074020262, 1.0032410121891266]
---- Generation 6 ----
[1.402432838407611, 0.013281119017585663, -1.4380325748162974, -0.9039917358568812, 1.7747146943309877, 0.2512213536070518, 1.417956610856641, -0.6383671711669696, 1.7306452648441892, -1.8338152074020262, 1.0032410121891266]
---- Generation 7 ----
[1.402432838407611, 0.013281119017585663, -1.4380325748162974, -0.9039917358568812, 1.7747146943309877, 0.2512213536070518, 1.417956610856641, -0.6383671711669696, 1.7306452648441892, -1.8338152074020262, 1.0032410121891266]
---- Generation 8 ----
[1.402432838407611, 0.013281119017585663, -1.4380325748162974, -0.9039917358568812, 1.7747146943309877, 0.2512213536070518, 1.417956610856641, -0.6383671711669696, 1.7306452648441892, -1.8338152074020262, 1.0032410121891266]
---- Generation 9 ----
[-0.8373528349930703, 1.037057305269209, 1.9568648774237118, -0.9303812785735426, 0.8919255168388949, -0.5593165128511552, 0.31576571716709534, -1.0902342144439858, -1.5341158222672258, 1.031421113298841, 0.01988976345284632]
---- Generation 10 ----
[0.26932804438021307, 0.25725637107434585, 1.3974464490242902, -1.8226348629839286, -0.8916211466731174, 1.613596674401728, 1.9030408496002882, -0.09144302300198115, -1.5341158222672258, -1.18891495977465, 1.001760190308794]
---- Generation 11 ----
[-1.9571946192693073, 1.1846351636994905, -1.4380325748162974, -0.3605918525212499, 1.44871387431269, -0.22282575465198162, -1.7829354649655507, -0.6383671711669696, 1.7306452648441892, 0.9706049242571182, 1.0032410121891266]
---- Generation 12 ----
[-1.9571946192693073, 1.1846351636994905, -1.4380325748162974, -0.3605918525212499, 1.44871387431269, -0.22282575465198162, -1.7829354649655507, -0.6383671711669696, 1.7306452648441892, 0.9706049242571182, 1.0032410121891266]
---- Generation 13 ----
[-1.9571946192693073, 1.1846351636994905, -1.4380325748162974, -0.3605918525212499, 1.44871387431269, -0.22282575465198162, -1.7829354649655507, -0.6383671711669696, 1.7306452648441892, 0.9706049242571182, 1.0032410121891266]
---- Generation 14 ----
[-1.9571946192693073, 1.1846351636994905, -1.4380325748162974, -0.3605918525212499, 1.44871387431269, -0.22282575465198162, -1.7829354649655507, -0.6383671711669696, 1.7306452648441892, 0.9706049242571182, 1.0032410121891266]
---- Generation 15 ----
[-1.9571946192693073, 1.1846351636994905, -1.4380325748162974, -0.3605918525212499, 1.44871387431269, -0.22282575465198162, -1.7829354649655507, -0.6383671711669696, 1.7306452648441892, 0.9706049242571182, 1.0032410121891266]
---- Generation 16 ----
[-1.9571946192693073, 1.1846351636994905, -1.4380325748162974, -0.3605918525212499, 1.44871387431269, -0.22282575465198162, -1.7829354649655507, -0.6383671711669696, 1.7306452648441892, 0.9706049242571182, 1.0032410121891266]
---- Generation 17 ----
[-1.9571946192693073, 1.1846351636994905, -1.4380325748162974, -0.3605918525212499, 1.44871387431269, -0.22282575465198162, -1.7829354649655507, -0.6383671711669696, 1.7306452648441892, 0.9706049242571182, 1.0032410121891266]
---- Generation 18 ----
[-1.9571946192693073, 1.1846351636994905, -1.4380325748162974, -0.3605918525212499, 1.44871387431269, -0.22282575465198162, -1.7829354649655507, -0.6383671711669696, 1.7306452648441892, 0.9706049242571182, 1.0032410121891266]
---- Generation 19 ----
[-1.9571946192693073, 1.1846351636994905, -1.4380325748162974, -0.3605918525212499, 1.44871387431269, -0.22282575465198162, -1.7829354649655507, -0.6383671711669696, 1.7306452648441892, 0.9706049242571182, 1.0032410121891266]
---- Generation 20 ----
[1.5821655897139224, 1.1836231434978917, -0.8830130084408871, 0.3626648786604436, -0.48521609653033204, 0.8763985869233175, 1.0373879027416044, -0.17432400372546697, 0.015838743624217333, -0.6540808540593588, 0.252503998007509]
---- Generation 21 ----
[-1.772342021672582, -1.3015162205459978, 1.7528170891870434, -1.5788654226519152, -0.002280775330812723, 0.8763985869233175, -1.220254105409671, -0.17432400372546697, 1.7306452648441892, -1.9812124960039132, 0.22508589943299517]
---- Generation 22 ----
[-1.772342021672582, -1.3015162205459978, 1.7528170891870434, -1.5788654226519152, -0.002280775330812723, 0.8763985869233175, -1.220254105409671, -0.17432400372546697, 1.7306452648441892, -1.9812124960039132, 0.22508589943299517]
---- Generation 23 ----
[-1.772342021672582, -1.3015162205459978, 1.7528170891870434, -1.5788654226519152, -0.002280775330812723, 0.8763985869233175, -1.220254105409671, -0.17432400372546697, 1.7306452648441892, -1.9812124960039132, 0.22508589943299517]
---- Generation 24 ----
[0.7953903691167854, -1.3015162205459978, -0.3251325460951251, 0.3626648786604436, 1.9845462332650348, -0.28456931220691706, -0.13471069390602164, -0.6043019512164705, 1.537599501835174, -0.5317578507309895, -0.8393466058417043]
---- Generation 25 ----
[0.7953903691167854, -1.3015162205459978, -0.3251325460951251, 0.3626648786604436, 1.9845462332650348, -0.28456931220691706, -0.13471069390602164, -0.6043019512164705, 1.537599501835174, -0.5317578507309895, -0.8393466058417043]
---- Generation 26 ----
[1.4218741515563162, -1.3015162205459978, 1.3441838206753776, -0.3605918525212499, -1.362823778674629, -0.28456931220691706, 1.1080915065428378, -1.7278072837723122, 1.6249048582901566, -0.5317578507309895, -0.8393466058417043]
---- Generation 27 ----
[-0.2654392377666075, -1.3015162205459978, 1.7528170891870434, -0.3605918525212499, -0.7187491574064588, 0.8763985869233175, 0.07430157797958392, -1.4806707326934005, 1.7306452648441892, -1.9812124960039132, -0.7595530829752395]
---- Generation 28 ----
[-1.8064692239502178, -1.832916553729266, 1.7528170891870434, -0.3605918525212499, 0.10039806148481567, 0.8763985869233175, -1.1309411980257082, -0.17432400372546697, -0.3151240591396287, 1.031421113298841, 0.252503998007509]
---- Generation 29 ----
[-1.1270814024876823, 0.9308047861458189, 1.3441838206753776, 0.06949427492299565, -0.4034577049713399, 0.08345998290499868, 1.417956610856641, -0.17432400372546697, -1.5341158222672258, 1.2221893298620383, 0.22508589943299517]
---- Generation 30 ----
[-1.1270814024876823, -1.3015162205459978, -0.5527157036683588, -1.1882273854535765, -1.3615854189904693, -0.28456931220691706, -1.4303035954400198, 1.165014289240188, -0.8210594953192261, -0.5164443738040618, 0.252503998007509]
---- Generation 31 ----
[0.5268988421698566, -1.3015162205459978, 1.467477919853227, -0.3605918525212499, 1.9845462332650348, -0.28456931220691706, 1.1080915065428378, -0.17432400372546697, 1.7306452648441892, -0.5317578507309895, -0.6564405060456222]
